[0.        ],
        [0.01507538],
        [0.03015075],
        [0.04522613],
        [0.06030151],
        [0.07537688],
        [0.09045226],
        [0.10552764],
        [0.12060302],
        [0.13567839],
        [0.15075377],
        [0.16582915],
        [0.18090452],
        [0.1959799 ],
        [0.21105528],
        [0.22613065],
        [0.24120603],
        [0.25628141],
        [0.27135678],
        [0.28643216],
        [0.30150754],
        [0.31658291],
        [0.33165829],
        [0.34673367],
        [0.36180905],
        [0.37688442],
        [0.3919598 ],
        [0.40703518],
        [0.42211055],
        [0.43718593],
        [0.45226131],
        [0.46733668],
        [0.48241206],
        [0.49748744],
        [0.51256281],
        [0.52763819],
        [0.54271357],
        [0.55778894],
        [0.57286432],
        [0.5879397 ],
        [0.60301508],
        [0.61809045],
        [0.63316583],
        [0.64824121],
        [0.66331658],
        [0.67839196],
        [0.69346734],
        [0.70854271],
        [0.72361809],
        [0.73869347],
        [0.75376884],
        [0.76884422],
        [0.7839196 ],
        [0.79899497],
        [0.81407035],
        [0.82914573],
        [0.84422111],
        [0.85929648],
        [0.87437186],
        [0.88944724],
        [0.90452261],
        [0.91959799],
        [0.93467337],
        [0.94974874],
        [0.96482412],
        [0.9798995 ],
        [0.99497487],
        [1.01005025],
        [1.02512563],
        [1.04020101],
        [1.05527638],
        [1.07035176],
        [1.08542714],
        [1.10050251],
        [1.11557789],
        [1.13065327],
        [1.14572864],
        [1.16080402],
        [1.1758794 ],
        [1.19095477],
        [1.20603015],
        [1.22110553],
        [1.2361809 ],
        [1.25125628],
        [1.26633166],
        [1.28140704],
        [1.29648241],
        [1.31155779],
        [1.32663317],
        [1.34170854],
        [1.35678392],
        [1.3718593 ],
        [1.38693467],
        [1.40201005],
        [1.41708543],
        [1.4321608 ],
        [1.44723618],
        [1.46231156],
        [1.47738693],
        [1.49246231],
        [1.50753769],
        [1.52261307],
        [1.53768844],
        [1.55276382],
        [1.5678392 ],
        [1.58291457],
        [1.59798995],
        [1.61306533],
        [1.6281407 ],
        [1.64321608],
        [1.65829146],
        [1.67336683],
        [1.68844221],
        [1.70351759],
        [1.71859296],
        [1.73366834],
        [1.74874372],
        [1.7638191 ],
        [1.77889447],
        [1.79396985],
        [1.80904523],
        [1.8241206 ],
        [1.83919598],
        [1.85427136],
        [1.86934673],
        [1.88442211],
        [1.89949749],
        [1.91457286],
        [1.92964824],
        [1.94472362],
        [1.95979899],
        [1.97487437],
        [1.98994975],
        [2.00502513],
        [2.0201005 ],
        [2.03517588],
        [2.05025126],
        [2.06532663],
        [2.08040201],
        [2.09547739],
        [2.11055276],
        [2.12562814],
        [2.14070352],
        [2.15577889],
        [2.17085427],
        [2.18592965],
        [2.20100503],
        [2.2160804 ],
        [2.23115578],
        [2.24623116],
        [2.26130653],
        [2.27638191],
        [2.29145729],
        [2.30653266],
        [2.32160804],
        [2.33668342],
        [2.35175879],
        [2.36683417],
        [2.38190955],
        [2.39698492],
        [2.4120603 ],
        [2.42713568],
        [2.44221106],
        [2.45728643],
        [2.47236181],
        [2.48743719],
        [2.50251256],
        [2.51758794],
        [2.53266332],
        [2.54773869],
        [2.56281407],
        [2.57788945],
        [2.59296482],
        [2.6080402 ],
        [2.62311558],
        [2.63819095],
        [2.65326633],
        [2.66834171],
        [2.68341709],
        [2.69849246],
        [2.71356784],
        [2.72864322],
        [2.74371859],
        [2.75879397],
        [2.77386935],
        [2.78894472],
        [2.8040201 ],
        [2.81909548],
        [2.83417085],
        [2.84924623],
        [2.86432161],
        [2.87939698],
        [2.89447236],
        [2.90954774],
        [2.92462312],
        [2.93969849],
        [2.95477387],
        [2.96984925],
        [2.98492462],
        [3.        ]

​

​


