[0.26576918],
        [0.8389087 ],
        [0.30109852],
        [0.32358345],
        [0.7081363 ],
        [0.10025559],
        [0.47284794],
        [0.93504152],
        [0.92786291],
        [0.34430909],
        [0.32698923],
        [1.18326676],
        [1.09737455],
        [1.0524482 ],
        [1.21834768],
        [0.72598334],
        [0.74988758],
        [1.16844364],
        [1.39940488],
        [1.252605  ],
        [0.99172987],
        [1.18790738],
        [0.95297498],
        [1.49311426],
        [0.78485481],
        [0.76236019],
        [1.00996279],
        [1.14323606],
        [0.85842033],
        [1.31304928],
        [1.14099526],
        [0.9548088 ],
        [1.78045181],
        [1.60468088],
        [1.55871828],
        [1.63421686],
        [1.62311495],
        [1.42324172],
        [1.4278313 ],
        [1.74132066],
        [1.99026063],
        [1.65158748],
        [1.24440785],
        [1.91929694],
        [1.58833248],
        [2.17706079],
        [1.36735293],
        [1.88186568],
        [1.67425743],
        [1.78800472],
        [2.35167766],
        [1.86836767],
        [1.90890475],
        [2.15381368],
        [1.60661668],
        [2.23843231],
        [1.60320109],
        [2.39859331],
        [2.33032471],
        [1.98439967],
        [1.79541998],
        [2.24212526],
        [1.9677912 ],
        [2.57031377],
        [2.33414925],
        [2.40843622],
        [2.8613187 ],
        [2.39977233],
        [2.55457238],
        [2.65980266],
        [2.45143799],
        [2.55057872],
        [2.85738697],
        [2.85741832],
        [2.24584091],
        [2.74992711],
        [3.02688432],
        [2.36679918],
        [3.05874532],
        [2.52207594],
        [3.10547167],
        [3.02068125],
        [2.93544289],
        [2.43757208],
        [2.43354912],
        [3.37715452],
        [3.09650559],
        [2.55198968],
        [2.88577822],
        [2.74129767],
        [3.17470576],
        [3.47968102],
        [3.06700276],
        [3.18785806],
        [2.88256308],
        [3.71822221],
        [2.93114678],
        [3.34078584],
        [3.51342606],
        [3.07380672],
        [3.0198585 ],
        [3.0162892 ],
        [3.59472068],
        [3.591367  ],
        [3.25990309],
        [3.29953031],
        [3.13698946],
        [4.09283186],
        [3.29097262],
        [3.46888681],
        [3.43876176],
        [3.77865888],
        [3.9102306 ],
        [4.08145729],
        [3.96530608],
        [3.56184957],
        [4.24704025],
        [4.29058275],
        [4.06044724],
        [3.95048265],
        [3.97140474],
        [3.76930687],
        [3.82913039],
        [3.97769927],
        [4.14475802],
        [4.29059588],
        [4.60966237],
        [4.67221355],
        [4.20146936],
        [4.00454716],
        [4.44890268],
        [3.85311637],
        [4.80926979],
        [4.88625894],
        [4.52038636],
        [4.36937896],
        [4.26981957],
        [4.67564264],
        [4.82295451],
        [4.76837282],
        [4.90446058],
        [4.49120584],
        [5.11479679],
        [4.60150561],
        [5.23339158],
        [4.4531583 ],
        [4.55286873],
        [5.21306818],
        [5.09907934],
        [4.98308867],
        [4.4323314 ],
        [4.70924452],
        [4.92392031],
        [5.41590003],
        [4.98515005],
        [4.76411457],
        [5.23294215],
        [5.53587367],
        [4.72189886],
        [4.91840095],
        [5.5617205 ],
        [5.68902498],
        [5.36322866],
        [5.26891101],
        [5.49580143],
        [5.70099458],
        [5.37399873],
        [5.14636751],
        [5.67768023],
        [5.77868408],
        [5.47321702],
        [5.20016001],
        [5.91690884],
        [5.99917087],
        [5.91794568],
        [5.96776388],
        [5.72667396],
        [5.35464611],
        [5.59837037],
        [5.43579282],
        [5.41251177],
        [6.00338437],
        [6.33458204],
        [5.82991739],
        [5.95332766],
        [5.64753321],
        [5.70711144],
        [6.2477224 ],
        [5.74006391],
        [6.35713712],
        [6.16770135],
        [6.10143567],
        [6.07219589],
        [6.01664455],
        [6.40051369],
        [6.714145  ],
        [6.28072149],
        [6.16175862],
        [6.50374724],
        [6.82474912]

​

​


